 EB(GeV)    EMITTANCEx EMITTANCEy SIZEx(m)   SIZEy(m)   DIVx(rad)  DIVy(rad)
 6.000e+00  1.000e-09  1.000e-11  1.414e-04  4.879e-06  7.071e-06  2.050e-06
 betax      alphax     betay      alphay     eta        deta       E_spread  
 2.000e+01  0.000e+00  2.380e+00  0.000e+00  0.000e+00  0.000e+00  1.100e-03
 Ibeam(A)   period(cm) #periods   Kx         Ky        
 1.000e-01  4.500e+00         44  0.000e+00  1.000e-01
 thetax(rad) thetay(rad) Dthetax(rad) Dthetay(rad)
  0.000e+00   0.000e+00   3.000e-05   2.000e-05
     Energy       Flux            PL            PC          PL45        1-|PL|
         eV  ph/s/0.1%             -             -             -             -
4.00000e+03  1.154e+10  9.911086e-01  0.000000e+00  0.000000e+00  8.891380e-03
4.41414e+03  5.852e+09  9.911008e-01  0.000000e+00  0.000000e+00  8.899196e-03
4.82828e+03  2.951e+09  9.911017e-01  0.000000e+00  0.000000e+00  8.898311e-03
5.24242e+03  1.482e+09  9.911095e-01  0.000000e+00  0.000000e+00  8.890499e-03
5.65657e+03  7.421e+08  9.911229e-01  0.000000e+00  0.000000e+00  8.877073e-03
6.07071e+03  3.704e+08  9.911410e-01  0.000000e+00  0.000000e+00  8.859038e-03
6.48485e+03  1.844e+08  9.911628e-01  0.000000e+00  0.000000e+00  8.837186e-03
6.89899e+03  9.162e+07  9.911879e-01  0.000000e+00  0.000000e+00  8.812150e-03
7.31313e+03  4.543e+07  9.912156e-01  0.000000e+00  0.000000e+00  8.784444e-03
7.72727e+03  2.249e+07  9.912455e-01  0.000000e+00  0.000000e+00  8.754494e-03
8.14141e+03  1.112e+07  9.912773e-01  0.000000e+00  0.000000e+00  8.722652e-03
8.55556e+03  5.488e+06  9.913108e-01  0.000000e+00  0.000000e+00  8.689214e-03
8.96970e+03  2.706e+06  9.913456e-01  0.000000e+00  0.000000e+00  8.654429e-03
9.38384e+03  1.332e+06  9.913815e-01  0.000000e+00  0.000000e+00  8.618509e-03
9.79798e+03  6.556e+05  9.914184e-01  0.000000e+00  0.000000e+00  8.581633e-03
1.02121e+04  3.222e+05  9.914560e-01  0.000000e+00  0.000000e+00  8.543956e-03
1.06263e+04  1.583e+05  9.914944e-01  0.000000e+00  0.000000e+00  8.505611e-03
1.10404e+04  7.767e+04  9.915333e-01  0.000000e+00  0.000000e+00  8.466711e-03
1.14545e+04  3.809e+04  9.915726e-01  0.000000e+00  0.000000e+00  8.427355e-03
1.18687e+04  1.867e+04  9.916124e-01  0.000000e+00  0.000000e+00  8.387629e-03
1.22828e+04  9.143e+03  9.916524e-01  0.000000e+00  0.000000e+00  8.347610e-03
1.26970e+04  4.476e+03  9.916926e-01  0.000000e+00  0.000000e+00  8.307360e-03
1.31111e+04  2.190e+03  9.917331e-01  0.000000e+00  0.000000e+00  8.266940e-03
1.35253e+04  1.071e+03  9.917736e-01  0.000000e+00  0.000000e+00  8.226398e-03
1.39394e+04  5.234e+02  9.918142e-01  0.000000e+00  0.000000e+00  8.185779e-03
1.43535e+04  2.557e+02  9.918549e-01  0.000000e+00  0.000000e+00  8.145122e-03
1.47677e+04  1.249e+02  9.918955e-01  0.000000e+00  0.000000e+00  8.104464e-03
1.51818e+04  6.098e+01  9.919362e-01  0.000000e+00  0.000000e+00  8.063832e-03
1.55960e+04  2.976e+01  9.919767e-01  0.000000e+00  0.000000e+00  8.023260e-03
1.60101e+04  1.452e+01  9.920172e-01  0.000000e+00  0.000000e+00  7.982787e-03
1.64242e+04  7.081e+00  9.920576e-01  0.000000e+00  0.000000e+00  7.942405e-03
1.68384e+04  3.452e+00  9.920977e-01  0.000000e+00  0.000000e+00  7.902258e-03
1.72525e+04  1.683e+00  9.921378e-01  0.000000e+00  0.000000e+00  7.862241e-03
1.76667e+04  8.199e-01  9.921778e-01  0.000000e+00  0.000000e+00  7.822227e-03
1.80808e+04  3.995e-01  9.922176e-01  0.000000e+00  0.000000e+00  7.782379e-03
1.84949e+04  1.946e-01  9.922573e-01  0.000000e+00  0.000000e+00  7.742708e-03
1.89091e+04  9.473e-02  9.922968e-01  0.000000e+00  0.000000e+00  7.703226e-03
1.93232e+04  4.612e-02  9.923361e-01  0.000000e+00  0.000000e+00  7.663940e-03
1.97374e+04  2.245e-02  9.923751e-01  0.000000e+00  0.000000e+00  7.624859e-03
2.01515e+04  1.092e-02  9.924140e-01  0.000000e+00  0.000000e+00  7.585990e-03
2.05657e+04  5.315e-03  9.924527e-01  0.000000e+00  0.000000e+00  7.547340e-03
2.09798e+04  2.585e-03  9.924911e-01  0.000000e+00  0.000000e+00  7.508912e-03
2.13939e+04  1.257e-03  9.925293e-01  0.000000e+00  0.000000e+00  7.470712e-03
2.18081e+04  6.114e-04  9.925673e-01  0.000000e+00  0.000000e+00  7.432746e-03
2.22222e+04  2.973e-04  9.926050e-01  0.000000e+00  0.000000e+00  7.395015e-03
2.26364e+04  1.445e-04  9.926425e-01  0.000000e+00  0.000000e+00  7.357526e-03
2.30505e+04  7.023e-05  9.926797e-01  0.000000e+00  0.000000e+00  7.320283e-03
2.34646e+04  3.413e-05  9.927167e-01  0.000000e+00  0.000000e+00  7.283296e-03
2.38788e+04  1.658e-05  9.927534e-01  0.000000e+00  0.000000e+00  7.246578e-03
2.42929e+04  8.056e-06  9.927898e-01  0.000000e+00  0.000000e+00  7.210161e-03
2.47071e+04  3.913e-06  9.928259e-01  0.000000e+00  0.000000e+00  7.174102e-03
2.51212e+04  1.901e-06  9.928615e-01  0.000000e+00  0.000000e+00  7.138521e-03
2.55354e+04  9.231e-07  9.928963e-01  0.000000e+00  0.000000e+00  7.103665e-03
2.59495e+04  4.482e-07  9.929300e-01  0.000000e+00  0.000000e+00  7.070040e-03
2.63636e+04  2.176e-07  9.929613e-01  0.000000e+00  0.000000e+00  7.038690e-03
2.67778e+04  1.056e-07  9.929882e-01  0.000000e+00  0.000000e+00  7.011765e-03
2.71919e+04  5.128e-08  9.930063e-01  0.000000e+00  0.000000e+00  6.993697e-03
2.76061e+04  2.489e-08  9.930064e-01  0.000000e+00  0.000000e+00  6.993619e-03
2.80202e+04  1.208e-08  9.929696e-01  0.000000e+00  0.000000e+00  7.030355e-03
2.84343e+04  5.861e-09  9.928573e-01  0.000000e+00  0.000000e+00  7.142688e-03
2.88485e+04  2.844e-09  9.925895e-01  0.000000e+00  0.000000e+00  7.410500e-03
2.92626e+04  1.380e-09  9.920018e-01  0.000000e+00  0.000000e+00  7.998160e-03
2.96768e+04  6.692e-10  9.907568e-01  0.000000e+00  0.000000e+00  9.243171e-03
3.00909e+04  3.246e-10  9.881645e-01  0.000000e+00  0.000000e+00  1.183549e-02
3.05051e+04  1.574e-10  9.828273e-01  0.000000e+00  0.000000e+00  1.717270e-02
3.09192e+04  7.636e-11  9.719678e-01  0.000000e+00  0.000000e+00  2.803218e-02
3.13333e+04  3.703e-11  9.502816e-01  0.000000e+00  0.000000e+00  4.971844e-02
3.17475e+04  1.795e-11  9.084475e-01  0.000000e+00  0.000000e+00  9.155248e-02
3.21616e+04  8.705e-12  8.328011e-01  0.000000e+00  0.000000e+00  1.671989e-01
3.25758e+04  4.220e-12  7.107047e-01  0.000000e+00  0.000000e+00  2.892953e-01
3.29899e+04  2.046e-12  5.456590e-01  0.000000e+00  0.000000e+00  4.543410e-01
3.34040e+04  9.916e-13  3.689059e-01  0.000000e+00  0.000000e+00  6.310941e-01
3.38182e+04  4.806e-13  2.211198e-01  0.000000e+00  0.000000e+00  7.788802e-01
3.42323e+04  2.329e-13  1.210541e-01  0.000000e+00  0.000000e+00  8.789459e-01
3.46465e+04  1.129e-13  6.259768e-02  0.000000e+00  0.000000e+00  9.374023e-01
3.50606e+04  5.471e-14  3.135294e-02  0.000000e+00  0.000000e+00  9.686471e-01
3.54747e+04  2.651e-14  1.544377e-02  0.000000e+00  0.000000e+00  9.845562e-01
3.58889e+04  1.284e-14  7.543464e-03  0.000000e+00  0.000000e+00  9.924565e-01
3.63030e+04  6.222e-15  3.669177e-03  0.000000e+00  0.000000e+00  9.963308e-01
3.67172e+04  3.014e-15  1.780995e-03  0.000000e+00  0.000000e+00  9.982190e-01
3.71313e+04  1.460e-15  8.635804e-04  0.000000e+00  0.000000e+00  9.991364e-01
3.75455e+04  7.074e-16  4.185128e-04  0.000000e+00  0.000000e+00  9.995815e-01
3.79596e+04  3.426e-16  2.027625e-04  0.000000e+00  0.000000e+00  9.997972e-01
3.83737e+04  1.659e-16  9.821819e-05  0.000000e+00  0.000000e+00  9.999018e-01
3.87879e+04  8.037e-17  4.757151e-05  0.000000e+00  0.000000e+00  9.999524e-01
3.92020e+04  3.892e-17  2.303909e-05  0.000000e+00  0.000000e+00  9.999770e-01
3.96162e+04  1.885e-17  1.115716e-05  0.000000e+00  0.000000e+00  9.999888e-01
4.00303e+04  9.126e-18  5.402757e-06  0.000000e+00  0.000000e+00  9.999946e-01
4.04444e+04  4.419e-18  2.616087e-06  0.000000e+00  0.000000e+00  9.999974e-01
4.08586e+04  2.140e-18  1.266675e-06  0.000000e+00  0.000000e+00  9.999987e-01
4.12727e+04  1.036e-18  6.132747e-07  0.000000e+00  0.000000e+00  9.999994e-01
4.16869e+04  5.015e-19  2.969085e-07  0.000000e+00  0.000000e+00  9.999997e-01
4.21010e+04  2.428e-19  1.437370e-07  0.000000e+00  0.000000e+00  9.999999e-01
4.25152e+04  1.175e-19  6.958136e-08  0.000000e+00  0.000000e+00  9.999999e-01
4.29293e+04  5.688e-20  3.368189e-08  0.000000e+00  0.000000e+00  1.000000e+00
4.33434e+04  2.753e-20  1.630345e-08  0.000000e+00  0.000000e+00  1.000000e+00
4.37576e+04  1.333e-20  7.891187e-09  0.000000e+00  0.000000e+00  1.000000e+00
4.41717e+04  6.450e-21  3.819315e-09  0.000000e+00  0.000000e+00  1.000000e+00
4.45859e+04  3.121e-21  1.848457e-09  0.000000e+00  0.000000e+00  1.000000e+00
4.50000e+04  1.511e-21  8.945702e-10  0.000000e+00  0.000000e+00  1.000000e+00
